image: cartographer_01_cycle.pgm
resolution: 0.020000
origin: [-21.502813, -18.923961, 0.000000]
negate: 0
occupied_thresh: 0.65
free_thresh: 0.196
