image: cartographer_02_edit.pgm
resolution: 0.020000
origin: [-20.306490, -16.131206, 0.000000]
negate: 0
occupied_thresh: 0.65
free_thresh: 0.196

