image: final_edit3.pgm
resolution: 0.020000
origin: [-11.031832, -6.531064, 0.000000]
negate: 0
occupied_thresh: 0.65
free_thresh: 0.196

