image: hallway_only.pgm
resolution: 0.020000
origin: [-9.516108, -13.249915, 0.000000]
negate: 0
occupied_thresh: 0.65
free_thresh: 0.196

