image: test1.pgm
resolution: 0.020000
origin: [-1.850000, -2.216416, 0.000000]
negate: 0
occupied_thresh: 0.65
free_thresh: 0.196

